26
0 1 2 3 4 5 6 7 8 9 10 11 12 13 14 15 16 17 18 19 20 21 22 23 24 25
1 25 18 2 16 4 7 23 9 24 20 10 13 14 15 12 17 5 11 3 21 19 6 22 0 8
2 18 1 20 3 22 13 12 14 15 4 5 16 17 11 23 9 24 8 0 6 10 7 25 19 21
3 2 19 1 6 18 14 13 15 12 16 4 17 5 23 22 8 9 25 24 10 11 0 7 21 20
4 16 11 10 9 8 24 25 22 6 5 17 20 21 0 1 13 14 2 18 3 23 12 15 7 19
5 4 10 6 24 9 0 8 23 22 17 16 21 19 1 25 12 13 3 2 11 18 15 14 20 7
6 22 12 13 10 23 21 0 1 25 24 9 3 2 17 5 20 7 16 4 15 14 19 8 11 18
7 19 20 21 25 1 18 11 13 14 12 15 24 0 2 3 4 16 9 8 22 6 23 10 5 17
8 0 16 17 12 15 20 1 4 5 2 3 11 10 7 19 18 6 13 14 9 24 25 21 22 23
9 8 4 16 5 17 22 6 7 19 21 20 14 15 3 11 24 25 0 1 13 12 2 18 23 10
10 11 15 12 19 7 3 2 25 8 6 18 23 22 24 9 21 20 17 16 5 4 14 13 1 0
11 23 13 14 22 10 25 21 0 1 9 8 2 18 16 17 7 19 4 5 12 15 24 20 3 6
12 13 24 9 21 19 16 4 11 18 23 22 1 25 10 6 3 2 20 7 0 8 17 5 15 14
13 14 9 8 20 21 4 5 3 23 11 19 0 1 22 10 2 18 7 6 24 25 16 17 12 15
14 15 8 0 2 3 5 17 19 21 13 12 7 20 4 16 22 23 6 10 25 1 18 11 9 24
15 12 25 24 18 2 17 16 21 20 14 23 19 7 5 4 6 22 10 11 1 0 13 3 8 9
16 17 7 25 13 12 9 24 6 10 8 0 18 11 19 21 14 15 22 23 2 3 20 1 4 5
17 5 0 7 14 13 8 9 10 11 25 24 6 3 21 20 15 12 23 22 18 2 1 19 16 4
18 6 22 23 8 25 12 15 5 17 0 1 9 24 13 14 10 11 19 21 7 20 4 16 2 3
19 21 23 18 11 6 10 20 2 3 22 7 5 4 8 0 25 1 14 15 16 17 9 24 13 12
20 7 21 19 1 0 11 3 12 13 15 14 25 8 18 2 5 4 24 9 23 22 10 6 17 16
21 20 3 22 23 11 19 10 18 2 7 6 4 16 25 24 1 0 15 12 17 5 8 9 14 13
22 3 6 11 0 24 15 14 17 16 1 25 8 9 12 13 23 10 21 20 19 7 5 4 18 2
23 10 14 15 7 20 2 18 24 0 3 13 22 6 9 8 19 21 5 17 4 16 11 12 25 1
24 9 5 4 17 16 23 22 20 7 19 21 15 12 6 18 0 8 1 25 14 13 3 2 10 11
25 24 17 5 15 14 1 19 16 4 18 2 10 23 20 7 11 3 12 13 8 9 21 0 6 22